{
    "sgtext_summonTypes":""
}